1.104283453935396009e-01 -1.956402160227152631e+00 1.213513025058351874e-01 7.874652728191201545e-01 2.190290988150819906e+00 -1.151623272146651278e+00 -9.855234232651595150e-01 -1.015146858831248666e+00 -3.228972871835538716e-01 1.265076599936636015e+00 1.121942244381199938e+00 4.936947356333730164e-01 4.591155125781828938e-01 1.324692936564065837e+00 4.864480988265243999e-01 1.581950571965491825e+00 -1.533812147887080091e+00 -6.396109819927086049e-01 -1.062857421416272929e+00 1.818101805472319477e+00
7.296851912538264706e-01 3.316889391684524346e-01 3.890842622299880982e-01 5.606840166104484768e-02 1.099540127684272228e+00 8.836011013265543390e-01 -2.892783482633402015e-01 2.429316848910516136e+00 -1.450844109445897923e+00 1.124224396531069203e+00 1.444913024870938811e-01 -8.445963783619083731e-01 -1.836645119926011205e+00 1.177617780205364006e+00 -9.495421318886551609e-02 5.448830484555711173e-01 2.331491304216718463e-01 -1.118133177800820360e-01 -5.714611099191073684e-01 3.334477735213703387e-01
-2.094809594722462087e+00 8.732346467452765104e-01 1.429417417841467364e+00 2.577574020166436553e-01 -3.528270447103810659e-01 -1.388832852114833871e+00 -1.121194483256432228e+00 8.480375303672718079e-01 3.333081120636021688e-01 2.825980939598067287e-01 8.780552377977342005e-01 1.527990681388297078e-01 3.164278663668698699e-01 -1.910903920359121322e-01 -8.167205293477951544e-01 4.603286649959056342e-01 -2.019487340938387610e-02 1.244252651825028089e+00 -4.936208091682232624e-01 1.341145442397829068e+00
7.111826649633963271e-01 -3.106852747720282304e-01 -1.396472293801867215e+00 -5.224472080361435289e-01 -3.042499781072742215e-01 -1.117922336460291044e+00 -2.234607979036633552e+00 7.963526727454608434e-01 1.206724129056293116e+00 -2.880837614137518266e+00 1.107053288757765097e+00 2.321424568176833514e+00 1.196407642572046015e+00 -7.153538416137835698e-01 1.463253925611918360e+00 -2.779048071261264186e-01 -1.408282338221156227e+00 1.093136090046719078e+00 -1.795332636334423748e+00 5.175089004277549920e-01
2.934055815484414298e-01 3.038348638310374161e-01 -6.677641686626981654e-01 -7.593371744563219838e-01 -2.080176022156427218e-01 -2.031002778617487348e+00 -4.869821248402582681e-01 2.232773311509390346e-01 -5.048365371706377003e-01 -3.182905106772560444e+00 5.903853079541919735e-01 5.428378349890133903e-01 -8.510602117309953862e-02 -3.925729614722702210e-01 -3.180721527622290545e-01 -1.128497476797288707e-01 -6.836738548928097403e-01 7.325884263715541911e-01 1.297013827329232816e-01 3.881204455635480638e-02
4.586581803257738232e-01 7.137929642021001442e-01 1.164423366411694527e+00 1.455034414302484591e-01 -8.443386225245408383e-01 -7.267528794988988849e-01 -3.286764098031741410e-02 1.241302532531581182e+00 7.793201040518010769e-01 1.036209573298272568e+00 -7.213500647231904095e-01 2.833665943546873622e-01 7.750364546295828161e-01 -1.311340607258644875e+00 -7.069257910341759654e-01 -1.575706140298654967e+00 6.148156232153216827e-01 1.071264644161197932e+00 -3.046914712076140841e-01 1.103910237685658657e+00
1.134433493656602510e+00 4.550405803008619743e-01 -9.217022167611257366e-01 1.923879113797324791e+00 -3.692994542194514285e-01 5.501869853338510197e-01 -1.661726690559776287e+00 -4.113527242175769871e-02 -1.449654364785836425e+00 -1.205226902488598206e+00 1.858933342103849182e-02 4.514557496106004764e-01 -9.713735696156163835e-01 -9.488702352441522048e-03 7.121865878033120101e-01 3.729851910874541487e-01 -1.221087145342892866e-01 2.648400383286320450e-02 1.367495563622432020e-01 2.148976452633702405e-01
2.861133641370239844e-01 -4.196394571392132455e-01 9.677741424122791036e-01 5.150082826530500979e-01 1.377225352916417789e+00 8.269658376394579957e-02 9.873698516403556225e-01 -2.291840743504602873e-01 1.260482779346621118e-01 -1.382284986403349958e+00 -6.381931340428437238e-01 -1.088333766255515478e+00 -8.408376124110172878e-01 4.365147649337542540e-02 1.289691586166209492e+00 -2.215520360464682703e+00 -2.208379320365274900e-01 -6.200895069589280606e-01 9.364201625132151374e-01 -8.601303893938904155e-01
-6.393648901395830864e-01 -1.273840799090269593e+00 -1.701708613393331904e+00 1.019314564033058756e+00 5.401739447552645901e-01 4.496646818283137059e-01 -2.044327787721064382e+00 -2.384154263611357294e+00 -4.221264982324723913e-01 -1.913346003976283960e-01 5.013269585394127814e-01 4.063337837354264459e-01 -9.007165989506765724e-02 5.461656494573274845e-01 1.017272607231330284e+00 7.790062355623579571e-02 -6.422643266332762613e-01 1.860388407217527629e+00 -6.191851042531654192e-01 1.234857195887166109e-01
6.282903657664236086e-01 5.265022622258224150e-01 -1.428098575691121863e-01 -8.362888315037961817e-01 -3.202447929639048452e-01 -5.117836156095001421e-01 9.619287063371727564e-01 1.806847429176983599e+00 -1.976512730362928738e-01 4.928655055402897389e-01 3.827474617607805329e-02 6.762085058228649581e-01 1.527284482351556061e-01 1.058905365829686251e-01 -4.152916107170152027e-01 -8.323806589289732827e-01 1.313788174661471297e-01 -4.147815495411905640e-01 -5.849462266303593339e-01 6.927996245174693479e-01
4.177770834149549528e-01 -6.145201386030656465e-01 -7.287081251391690495e-01 2.368899664201783994e-01 -9.623237589163151362e-02 9.130804421571963037e-01 -1.747625854196375395e+00 5.730753415945217810e-01 1.711560666226930927e+00 3.020674926350423450e-01 5.166679808035731236e-01 1.778586733187820235e+00 1.281513663745145637e+00 -3.227808801415133488e-01 1.781326078374147359e+00 -1.650550594463975618e-01 -7.246084833283463755e-01 3.605476636751649422e-01 -1.925034019067346946e+00 4.786968558714001509e-01
-1.273686880213014350e+00 -3.403085672746234969e-01 9.383465552889284078e-01 -3.125355557205189982e-01 -2.131890966514158325e+00 -9.694761417043619434e-02 -2.191363653092604835e+00 -2.570725986166082944e+00 6.896912742953865694e-01 -9.219559728003913213e-01 -1.353205882691533857e+00 -8.396403683463421475e-01 -6.458747529445872937e-01 1.121997937866526796e+00 1.002069095738186366e+00 1.514424464424016570e+00 -1.840049724721871893e+00 8.990890097229167210e-01 1.028801659659425383e+00 -7.989620292760799547e-01
-8.534034278966724507e-01 3.058721997182956009e-01 7.426807222696345523e-01 2.193162534882992620e+00 2.147074355777610702e-02 2.293354182389061080e+00 -1.409536650044648898e+00 5.779130540085113399e-01 -1.460156447485399411e+00 8.094970430097100378e-01 1.704322102062757249e+00 3.685047414273616706e-01 -8.589489658732442079e-01 1.578863916296038145e-02 -4.055547565454745151e-01 -3.978234666973637923e-01 5.000490083910045236e-01 -6.955782073659998455e-01 -1.698429878247773028e-01 -1.111682287712952633e+00
-1.252273171515716044e+00 -1.416017295150949762e-01 -6.789268017613606654e-01 8.913595939558630055e-02 -3.571073720849768374e-02 -8.821311426159548219e-01 -5.187820978673718386e-01 -1.002388058122075654e+00 1.096010272422965226e+00 4.038093204231323341e-01 -1.309497120769833600e+00 -1.271948459081413962e-01 1.687253035098454923e-01 -9.168818140540531125e-01 4.605561712128405927e-01 1.813476320547928733e-01 6.534256907620179522e-01 -1.147408218630129317e+00 7.636423406003837178e-01 -3.485797061429233845e-01
-1.847515308274892964e-01 -1.536665306528527397e+00 1.828058154110945022e-01 -4.488540657040655801e-02 1.447850379526682163e+00 -8.792355488976796862e-02 -1.076807415831358083e+00 7.200590268016726636e-01 1.627955231169391892e+00 -8.970925652826140795e-02 6.225895663415093040e-01 -2.559681070190210850e+00 -1.669987986407192260e+00 1.083391111924824290e+00 1.133824519931254216e+00 5.271567747776509383e-02 4.269041075580943256e-01 -1.973897043269033369e-01 -1.171033904201553622e+00 5.956707562237422149e-01
1.556957144326623910e+00 3.596266362671221906e+00 6.796858112751407166e-01 1.086732010329790388e+00 -1.789971393224825569e+00 -1.777328821496678479e+00 -1.623973640567560217e+00 -1.683366630995232205e+00 8.388170090541298141e-01 -1.247556419206873102e+00 -4.310957418839448940e-01 -7.118196264325672429e-01 -2.004096605697358036e-01 -8.698884099944919068e-01 1.286494412030635415e+00 2.423533851545234263e+00 -1.370040197971502671e+00 -3.567562375431226340e-01 -1.054334390614525718e+00 -5.237163161260660615e-02
3.681222612701113422e-02 -2.137801261264422603e+00 -1.316870362935295136e-01 -6.993600947771233534e-01 4.205728149147334172e-01 -1.183048549980724617e+00 2.968774037878308958e-01 2.877717542931136352e-01 9.156401849344611987e-01 1.007611896794933459e+00 -1.560967848465958374e+00 1.928965981067359392e+00 1.668728931408009375e+00 9.937386429088538309e-01 8.607062788672712461e-01 -2.640347290702762043e-02 -7.813416187690986892e-01 1.859373295497156686e+00 1.561032634813276809e+00 5.143022642769268238e-01
1.293664706240118534e+00 -7.896613996387219503e-02 7.017018497295225421e-01 2.262581224080252862e-01 2.072696446067793019e+00 2.511446439637667893e-01 1.035879752074497562e+00 -1.395034811285778442e+00 -2.277955979468481162e-01 2.845047523855738225e-01 9.419294943785098961e-02 -1.912584380974513332e+00 2.082781667886065335e+00 3.764436269360458415e-02 -1.677327235262578320e+00 2.435683505333883503e-01 1.361864654784890327e-01 -3.949803513795040466e-01 6.806653854069577569e-01 -1.178319411899842739e-01
2.146860908553275937e+00 2.586894278122367496e-01 -3.135026886883510056e+00 -6.390583912764744579e-01 -6.460831847516979032e-01 -1.712538019013754909e+00 1.375287633899064110e-01 -2.345690413174372768e+00 -3.862287166665440141e-01 1.625667717059387618e+00 6.327157942854850781e-01 1.737270403364359339e+00 1.027533606550577128e+00 4.658751377188278253e-01 -3.584426902752091970e-01 -7.635727827732845530e-01 -1.401814333131227996e-01 6.060223461621335739e-01 1.251060605602181797e+00 6.139950937871724301e-01
-6.653342050494821802e-02 6.577719172427369809e-01 9.467434955047000500e-01 5.920006356969261807e-01 2.249420572834947840e-01 1.273368212484932815e+00 1.200396261518536400e+00 5.825444305106854959e-01 -8.381201331431443746e-01 -1.933476367092165971e+00 -5.540841046486971733e-01 1.305344453427174090e-01 -7.956617696428086584e-01 1.749122890179116263e+00 5.067003939185099615e-01 3.536598504581003888e-01 -6.048620011986669542e-01 8.247137497115111099e-03 -9.122210266517439825e-01 -3.586149494010716365e-01
-6.356446335662386815e-01 1.289985373585120554e+00 -4.903851225864795937e-01 -1.084469203265687520e+00 4.726837425625022293e-01 -1.013351073399162861e+00 -6.067701406914856044e-01 -2.261572148329122067e-01 7.384101438426567965e-01 -1.118769500275165640e+00 -1.249219610329355357e+00 -7.514978380486460052e-01 6.995432983924487758e-01 -6.354842235175318654e-01 1.310341519629837359e-01 -1.251680032062608416e-01 -9.009492913950668536e-01 2.195373759817611514e-01 -6.178183353957668045e-01 -5.251978904416656491e-01
1.377246871553875707e+00 3.145434605011214746e-01 1.167242521468115246e+00 1.714102607511050758e-01 -1.617140852576937071e-01 -3.760045011322075692e-01 -8.919318468337006367e-01 -5.907347552803403623e-01 3.786274375700582895e-01 -1.481682280147873954e+00 -1.090431202220765172e+00 7.674281273191389807e-02 1.427843358585181077e+00 9.647407317880890218e-03 1.520709058595958840e+00 5.064036723407394636e-01 4.380954393915519884e-01 6.053791797584957557e-01 -1.554013975647416723e+00 1.820615233102378105e-01
7.175489686299056924e-01 -1.903166495345369191e-01 1.752364396718729678e+00 -8.254853228187108982e-01 -8.377570653667724132e-01 3.795199933767508527e-01 6.728333686448823014e-01 -7.488116196010309311e-01 5.119053549096763689e-02 6.769597944684509205e-02 -9.106839250100047523e-02 1.405310636754845688e-01 8.931984100245670133e-01 -1.010674121820187787e+00 -1.861030508700630692e-01 -1.341035553923248580e+00 -1.257168540405291468e+00 -1.926125863929117332e-01 -2.869007106054048406e-01 1.606523952706481184e+00
-7.949062690767718653e-01 1.439372622176943839e+00 -1.408890648590016781e+00 6.433285895731560844e-01 5.675349348690114093e-01 -4.896043373297639251e-02 -8.424451310623967681e-02 -8.592105005637572512e-01 -1.010307562077347843e+00 -3.367700895293561647e-01 1.561849683990922832e+00 -1.160301779163789293e+00 1.711897067761680269e+00 -6.701059021813324801e-01 4.559947890526826475e-01 -1.018904671052681232e+00 -9.983049968901974713e-01 1.591501064521511077e+00 1.308145835662354539e+00 2.898422561588432367e-01
1.521444836047112448e+00 8.144397561043043021e-02 2.509901952372305955e-01 -4.596195092032461238e-01 -3.953145980684205085e-01 -7.997069378244763271e-01 6.546734480759364150e-02 -9.609770166026248006e-01 4.939853910237630985e-01 -3.269507270097694041e-01 3.008377356436465200e-01 -2.121882535708299600e-01 3.675459127883630717e-01 -3.995386776128101447e-01 1.167938710089448717e+00 1.289032182425098538e+00 -1.044121633559096596e+00 -8.554505879421500092e-01 7.875857030017086036e-01 -2.525610411877177164e+00
-9.884459781733609951e-01 9.130837339600704761e-01 -9.369955763128974546e-02 8.475272850269494063e-01 -2.089783175894361023e+00 7.472481764934941761e-01 1.600639423180008902e-01 -9.059128204207985702e-01 9.628667234509417083e-01 1.361286120612366313e+00 -2.942230743769631007e-01 2.223320748516524059e+00 3.994915383293095035e-01 1.138633624551643075e+00 -4.832107132775155800e-01 -1.632503491442423849e-01 -6.711091996424539685e-01 1.276205158996226441e+00 -1.332214545319346133e+00 -7.043763134294372952e-01
-3.620281323214870062e-01 4.629182634679289143e-01 1.107708508897212868e-01 -5.470052102279217010e-01 2.540753040899760840e-01 -4.981020625026496562e-01 2.209534570440483403e+00 6.345344968579947897e-01 -7.652766227394424137e-01 -1.335133901575884297e+00 4.046712629921382920e-01 1.152872696977059519e+00 -7.864426148558342211e-01 4.452191861545983231e-01 -1.911666898597258246e+00 1.321596210471224705e-02 -1.077143226987028024e+00 -4.147887744093985973e-01 2.921788766986359032e-01 3.786365824742641273e-01
2.702682650065546976e+00 2.950711809769883676e+00 -2.728445927787455538e+00 -1.056485085187787387e+00 -1.145037617734563806e+00 -1.483450313771043971e+00 -1.480255746277433060e+00 -3.162003891867886551e+00 -7.387830586727237581e-01 2.352597629582430905e+00 1.573784788901892107e+00 1.164700758343947484e+00 1.660840443292763258e+00 1.745943794705712704e-01 -2.928481115913349475e-01 -2.130476457638565080e+00 3.643363414712152970e-02 -2.376450764926836268e-01 4.113362951617446361e-01 1.054002365825251308e+00
-6.999008221127328566e-01 -8.527959090955349042e-02 -1.029247973070062105e+00 1.440804513934003994e+00 -1.069877496909865222e+00 5.067187137285990295e-02 6.149723511411654409e-01 -1.529127740525515033e+00 8.061295717095368074e-01 2.400381543511151961e+00 -8.765998017226508399e-01 -1.663333572752833334e+00 -2.676256722521872522e-01 2.046318427717629174e+00 1.952105117417934355e-01 -5.516609148374299609e-01 -2.913134916123278351e-01 -5.903182131297481927e-01 2.294738225892510586e-01 -2.678066745102133384e-01
-5.476264799197719801e-01 2.015964912156367639e+00 2.217769983838245307e-01 5.638638824787092219e-01 -1.046219040256914923e+00 1.406621749868025850e-01 -4.501752549641681589e-01 -1.154783803924321450e+00 -1.035575267568492608e+00 -1.622773294098267538e+00 1.108224414608481423e+00 4.324590109688668527e-01 2.599211948269261052e-01 -1.814013184294143155e-01 -1.924503206676069444e+00 -6.883706902543281769e-01 -1.981900751355634815e+00 9.831569221478834164e-01 6.086611914787775079e-01 -5.361118165390636736e-02
-2.859271147540727587e-02 -1.152089127663408430e+00 -8.486359234203985080e-01 -7.827632753090500994e-01 -7.188503022406835807e-01 -1.893186960100285754e+00 -4.104361252492072509e-01 1.477762491348600271e+00 -1.828233031091654193e-02 -3.433335387804778982e-01 -4.860574306630682101e-02 -5.778571485296656041e-02 1.626734743094628566e-01 -5.344749825727123094e-01 -5.531117044079437717e-01 -1.929270082614148452e-01 4.072874228549710346e-02 1.325672271216446818e+00 1.396509179508662601e+00 3.756693637305806854e-01
1.997651689509518935e-01 -1.977696778879256198e-02 -2.023942896543250214e+00 2.547474778338993384e-01 1.256164703359226309e-01 -4.319802602586289009e-01 -1.522946640543667796e+00 3.755957539233583664e-01 3.220017436161339841e-01 1.362792882087158208e-01 -7.166852492298503297e-01 1.088668668074507462e+00 -6.936632453072019699e-02 8.651874923052724764e-01 8.991426065360813569e-01 -1.963750858458192639e+00 -3.619623533822454720e-01 -1.068033614501292528e+00 1.910270726408057063e-01 -1.340046956110609200e+00
1.579778070377142463e+00 -4.986055971030854406e-01 1.669475992141801646e+00 7.412664050610753286e-01 3.449921798984211030e+00 3.338412277277125750e-01 2.023249603714853073e+00 -1.624218885636238729e+00 -1.017473200121860044e-01 -1.097780234017776024e+00 -5.440001846049927758e-01 -3.000918147230028588e+00 1.241944055475048048e+00 8.129583918698000955e-02 -3.876356490963688284e-01 -1.971952009931294381e+00 -8.465146655803845732e-02 -1.015069858338432107e+00 1.617085547920172894e+00 -9.779623305838747171e-01
3.412133875952550466e-01 -9.676746010113455032e-01 6.126733449700437761e-01 -6.191399159565572630e-01 -5.147956695270338168e-01 -4.080348290505415587e-01 -8.438154000650678332e-01 -1.264176056389907821e+00 -1.542676273980400359e-01 1.893960403568613893e-01 1.253664141183863157e+00 -1.123922839880872715e+00 2.236241162823579820e-01 1.909562021045912994e+00 -9.688310939741940908e-01 1.207919373832316623e+00 -5.980569428309486651e-02 -1.728354501041821978e+00 4.422213694760542685e-02 -8.624978292635904209e-01
8.518439488274970328e-01 -3.129541016154386845e-01 1.182441431635528506e+00 2.149477542639554872e-01 -1.165722036103801429e+00 -7.581920969583280101e-01 2.301059057799901275e-01 -6.307109194253411877e-01 -3.116475480738576387e-01 -6.763476184592357443e-01 4.997644158808211556e-01 -8.083508809605846612e-02 7.756954640155978575e-01 1.102837695304106580e+00 -2.534107081014509877e+00 2.114052630395727661e+00 1.589995424490948217e+00 -1.396740122240539117e+00 1.501890794772442472e-01 -3.853730225042292790e-01
1.193783300169146244e+00 -8.579933647448346745e-01 1.579235584993171848e+00 -2.240373596842591297e+00 5.115342023285602835e-01 -2.356835725598427356e-01 1.877875310848037493e+00 -2.391441314892041314e-01 -1.461281824456617473e+00 -7.836094880339744551e-01 1.066925937136129043e+00 2.395888577192110958e-01 -2.183300656939466844e+00 -1.077757700812109531e+00 -1.694661249132753678e-01 7.861472401132275634e-01 -6.331220614125893098e-01 -8.419845591943286855e-01 7.524816248548883424e-01 8.423579555217571846e-01
5.558217415122710392e-01 2.692022381957646981e+00 4.065809590960544617e-01 -4.174266939113129848e-01 -4.989544329828657920e-01 2.290877052427108540e-01 -1.617784509667339554e+00 -8.163134786935135612e-01 -3.525543420061797439e-01 7.269299125230433978e-01 9.410689946164070285e-01 -5.725696450204117438e-01 6.333068367421860190e-01 -2.912807582482565549e-01 6.559457868387426338e-02 -1.366903674865280749e+00 1.766150674602443293e-01 -8.436674226548172006e-01 -8.397243104404371605e-01 4.400072720380788227e-01
-2.957386001411203488e-02 -2.747175093100088228e-01 -1.086232353944465850e-01 7.746912495646274266e-01 3.273080269200144277e-01 -2.539871456820725903e-01 3.369117879356935408e-01 2.231374301527012882e+00 -5.458862532109390875e-01 -7.389134508045858141e-01 6.980693291037189940e-01 -5.998037431580296452e-01 9.396025362948374759e-01 -1.249835908769342918e+00 -2.986343219246702027e-02 -7.613289454128748801e-01 1.019561052448572092e+00 1.142100886427132034e+00 1.428266824794697465e+00 -8.407572054248781956e-01
1.878326554945440249e-02 2.943211174688427356e-02 6.313155406114866475e-01 -8.789996878126106472e-02 1.155441215159143331e+00 -7.090237537278211155e-01 -4.693192956907455415e-01 1.565086899706097157e+00 -7.727396282900068913e-02 -1.175933724442329159e-01 -3.403997797153216487e-01 -7.756101105075600133e-01 -1.129465763090994557e+00 -8.804726149171564487e-01 -2.042231464000800467e-01 -2.375215028925816430e-01 2.290195710929864362e-02 -4.139851116415098065e-01 -6.094903730463397951e-01 1.905389657229408673e+00
-1.862358162348612067e+00 1.489779328017301507e+00 8.816772748059586995e-01 1.123757373786765212e+00 3.617569373416500422e-01 -2.236714211498831983e-01 9.008963264435645435e-01 -8.988172081252467915e-01 2.612214145945226385e-01 -1.306978317456153782e+00 8.062440412212212859e-02 1.956270517509200113e+00 9.823124022423891377e-01 1.438401033378257310e+00 -9.682736520523088641e-01 4.443824882448891428e-02 4.594111641483907826e-01 1.237629515573854810e+00 8.403211703967451707e-02 5.712953117053672925e-01
1.035187679053374499e+00 -3.643181145160450107e-01 -5.797494730209582503e-01 -9.835253341958295481e-01 -1.419444958220586195e-01 1.728706114348455836e-01 -3.580545038315929296e-01 1.306619064431895794e+00 1.466659477511745302e-01 1.802399768701851701e-01 5.669844164133595044e-01 -1.557549974035257190e+00 9.739601591522611956e-01 -9.248166834904577582e-01 4.586790723102049383e-01 5.057768619368836482e-01 -3.390369182273325066e-01 -1.083794857855785665e+00 -4.397271481853087249e-01 -9.949085350463786337e-03
-1.688764650719695615e+00 -1.090783724000478072e+00 -5.036887520207736779e-01 -3.992069694617660924e-01 -1.402754531821313266e+00 4.077859846269512589e-01 6.626151992567917981e-01 1.014066545427192434e+00 1.408764826198033226e+00 -2.014496126619222061e+00 2.102281901677054421e+00 8.161365922732148892e-01 -1.533584575773768943e+00 -3.758847740976266061e-01 -3.140056015660899202e+00 -1.277250596756684731e+00 -6.207745884760780264e-01 7.264451930877992014e-01 1.045618734731508459e+00 8.386070026961598423e-01
3.551230827951156604e-02 3.514822387060791531e+00 4.286956160379101766e-01 1.546351519533036623e+00 -1.394656795156405060e+00 -9.776218836722020411e-01 -1.689440985375153748e+00 -7.223896143926074043e-01 3.448316180303667711e-01 -9.206056921971037532e-01 -7.319334775275914140e-01 -4.996313728617372552e-01 -5.679555733580988752e-01 -4.703497323816818176e-01 1.185557019411867252e-01 1.134501669120135503e+00 -3.259185644124061865e-01 4.986943503990273752e-01 -1.841920093616234322e+00 2.473238780264570558e+00
1.045464247946123804e+00 -9.139948691426739158e-01 9.759547255275546895e-01 -9.532786168638559543e-01 2.576747224991286778e-02 4.105002658777227031e-01 4.540025185967446614e-02 -2.541524150124645498e-01 -1.459103588150483688e+00 1.616145110154712183e+00 -3.188153211986254898e-01 6.832580131188000123e-03 3.584364313387087275e-01 1.127281238990535783e+00 -3.205242013608051277e+00 1.001610311084593308e+00 -2.765658941067856147e-01 7.439780524285707908e-02 1.269648567489576774e+00 7.792738424710459189e-01
9.193912642582313666e-01 3.763022613820665718e-01 4.187197579492213939e-01 1.123373103326259503e+00 -2.085739210008752842e+00 -4.677967355475723399e-01 -1.422768945748164926e+00 -5.056767999630235044e-01 3.156350005284056515e+00 -9.147126716200769392e-02 2.402748959202406276e+00 6.335195059894630498e-01 -9.617331943554046081e-01 3.782045744148265221e-01 5.271063849363092357e-01 -7.346277955809652482e-01 -9.765948624720737214e-01 -9.968948545386444593e-01 2.817195179863029586e-01 -1.891521779756423882e+00
1.488940743699895819e-01 1.224533637343764525e+00 -4.921748111417895144e-01 1.036095868777522355e-01 -3.749330428787461811e-01 1.794683006402143732e+00 1.257739234614489332e+00 2.311895426623756133e+00 1.134389825109467065e+00 -7.946513621297071062e-01 2.347463457868667724e+00 -6.547615945178609786e-01 -1.040168894716481329e+00 1.467808456241881387e+00 -2.046090034736592900e-01 9.157648808140790575e-02 -1.402696243830417293e-02 9.061899095441285912e-01 -6.723450484654689419e-01 -1.009763135039767779e+00
-3.590760221188419310e-01 3.489340453920954377e-01 -8.157477178994254619e-01 4.305826436104648325e-01 -3.972498183748253142e-01 -1.680270115609553194e+00 -1.549514116342330716e+00 1.365304997764349160e-01 -1.028624221737796329e+00 5.617652707659865907e-01 -1.837910713777584970e+00 -1.137244534436154947e-01 -2.208043093421820480e+00 -3.418812211636375609e-01 8.472119643522568744e-01 4.845791657220637760e-01 -5.666934745160249198e-01 -1.994249693449779537e+00 -1.854407196171180994e+00 -2.743943728531998416e-01
-1.497619282087764736e+00 3.901422516962407272e-01 6.159451432512077496e-01 -9.963484160588091942e-01 8.566455608808145605e-01 5.198573873329399575e-01 1.505695145030716997e+00 7.146850269416521462e-02 4.507431845286348215e-01 2.951564324384536309e-01 -1.700279662564649075e-01 2.286493473833969489e-02 -4.543380331410142303e-01 -1.000985177552075500e+00 -9.698315195807666322e-01 1.266112703588760935e+00 -1.759239049833772467e-02 6.147469314926650163e-01 4.089929903015176449e-01 -1.999574855366261783e-01
-8.808030982839039069e-01 -3.095018671107350183e-01 -9.939497026070877039e-01 1.437825881457098331e+00 -2.230832827198919038e-02 -6.564017804936412848e-01 1.316120133505552792e+00 3.448114539293578029e-01 5.390955452046838348e-01 -4.267926123076399847e-01 2.361347442920799511e-01 3.318484145937744545e-01 -7.928255518654409029e-01 1.327090744568874658e+00 -7.845070786691740738e-02 1.243984306920810967e+00 1.250043901151646653e+00 8.378323756509530318e-01 -1.041395932797118951e+00 1.362999924999275692e+00
3.605246019126315260e-01 -2.005869986680167028e+00 3.925723520823529156e-01 -3.434213669290405169e-01 2.509450251311859947e-01 1.899009885884689774e+00 -1.908858663345841089e+00 -1.927757118517450019e+00 1.242546594315109276e+00 3.010259181294583711e-02 -2.240373174870367856e-01 -1.393406741433996343e+00 -1.191363566883819836e+00 -2.587470891097617409e-01 1.399192616911547893e-01 -2.066578532220895992e-01 1.652325071319154182e+00 1.459973739470880716e+00 3.040312838687304620e-01 5.100936568621012857e-01
7.010924797784191531e-01 -8.204001884949559953e-01 -4.595516611904104098e-01 -7.266948736480052240e-01 3.806898254435886475e-01 -1.009585858773731415e+00 -6.997144735125474524e-01 3.907079340259116407e+00 -1.469126439756814451e+00 7.808908577505913051e-01 9.588555942078705319e-02 -9.023820932148749474e-01 -1.673971645616548320e+00 6.431427976326516971e-01 -6.480659175968093155e-01 3.519560401941562722e-01 2.738778727071689567e-01 1.213858953436364851e+00 8.250480695895552330e-01 7.091171372519510241e-01
-2.092160314690097722e-01 -1.894395105299456483e-01 -1.162068442917874700e+00 7.276780312809439932e-01 7.799529295175676447e-02 8.812798060474424933e-01 5.497947457379277481e-01 -1.383161574446882813e-01 -8.446026250926012002e-01 5.616730593592300647e-02 1.063834993897644354e+00 -4.406342390428376610e-01 7.496514487817477201e-01 3.812657890965365920e-02 7.504052317388336668e-01 7.063000915771379395e-02 -6.273115863232446854e-01 -2.719923193487593371e-01 -1.018498096740759973e+00 1.218579166543438230e+00
-4.639942322139023467e-01 1.106637032592869385e+00 -1.147804522791882942e+00 2.558924856804793979e+00 1.092185590340888218e-01 1.405391657993384946e+00 1.197089040565511686e+00 9.393374667806074774e-01 3.831378183556199968e-01 -4.038455746979084937e-01 -6.231549863182256344e-01 6.645045073982994710e-01 1.012979791080346637e+00 -2.343219290699143365e-01 7.721861479995185962e-02 5.290663702225526510e-01 1.052707399686515055e+00 3.929513331511528262e-01 -3.351942319037141960e-02 4.035133658678475288e-01
5.628082840357108152e-01 2.742570224553270153e-01 -6.582486189861188608e-01 -1.597821581382259160e+00 -2.331854076562353661e+00 -8.935507379660280192e-01 -4.724248290754289870e-01 -1.331887419346527768e+00 1.848333142459412382e-01 1.365842914831607358e+00 -4.142283025804018304e-01 6.529581932217556894e-02 1.746136888141933463e+00 -4.302993327691730929e-01 8.947614591895134417e-01 1.265280659678560404e-01 8.636928096247671327e-01 -1.163275393292015070e-01 2.335695859611243819e+00 -2.530785866387713412e+00
-1.176870227929618373e+00 1.059758430325684481e-01 9.620289741104383063e-01 1.838705472577616407e+00 -9.509923975259625406e-01 7.257075166946080902e-02 -2.091908094644961746e+00 3.904450556644539772e-01 -3.556386661452332620e-01 3.734205404006181728e-01 1.453087388282413350e+00 -7.417219955559545275e-01 1.705616607215090674e+00 6.011234207251623385e-01 8.661504631170506840e-01 -7.079148019726210217e-01 -1.772233683908973068e-01 -1.172325806625384992e+00 8.310603471222943739e-01 -1.241424935887154524e+00
-1.063543255165598556e+00 -1.907222742194627230e-01 4.361634280516184931e-02 -7.724019525717618073e-01 7.432931206611773089e-02 2.762324137501298571e-01 7.728562086743482329e-01 -6.604864978209458171e-01 -9.096256203492494308e-01 4.719229108063879297e-01 -2.455021032773253842e-01 4.130766682069439977e-01 1.214210902353883292e-01 -1.238295641020894289e+00 -6.040993383648923798e-01 1.023323754067892111e+00 4.973421219001177285e-01 -4.505845288094958989e-01 -2.535058694124025513e-01 -1.150406904825841181e+00
-3.356121167955330997e-01 -4.089557271083265055e-01 -3.902712916278079924e-01 -6.710861078053789175e-01 1.183434084283953025e+00 -5.309678992637926198e-01 -1.889467904375753127e-01 1.667682278888672931e+00 -3.599536251485720428e-01 -1.089585864248618252e+00 -1.990921567370923961e+00 -4.821975667772354646e-01 2.631385799975008988e-01 1.119622132468292453e+00 -3.111066325790234899e-01 -9.024799251846465920e-01 -7.278510959548281090e-01 8.861715583007523378e-01 -1.508322299749390305e-01 2.848819574852052838e-01
-1.594966991457687611e+00 2.309443387819614113e+00 1.549119092968804789e+00 2.691309989344265463e-01 -1.205079841977420907e+00 1.333132465603539263e+00 6.585758626209242683e-02 -7.771793709523615590e-01 1.392213637470986587e+00 -1.599417882291931936e-01 1.033554813559475649e+00 -3.793916699810518378e-01 -5.120178441402082337e-01 2.577857658896307025e-01 9.362510955005254321e-02 6.006071577753115814e-02 1.693351463557146719e+00 9.160198622754937015e-01 9.321958109891117505e-01 -2.282568570316984846e-01
-1.083951285068965875e+00 -3.458150433323754769e-02 -6.016326175230435336e-02 2.066248258875469368e+00 -5.492447940872515755e-01 -1.635621700809972712e-01 -2.025059909794461876e-01 -3.221174429078428325e-01 1.503535169434782048e-01 -3.270295248555676881e-02 -1.389927617128131176e+00 1.238094603920241177e+00 -2.714087880490875238e-01 -5.378378953334895379e-02 -3.060191562991400049e-01 -1.852692952755181199e+00 -1.011664096448134487e+00 1.402204004491041101e+00 -8.022733909923589479e-01 1.584710256477753099e+00
4.574915945882163659e-01 2.071448592500874097e-01 -6.464182024724514086e-01 -1.483291216000680368e+00 -2.034882508533456313e+00 4.686542642722136831e-01 -4.977721166087517579e-01 -1.205308152391151300e+00 -1.006932940631506623e+00 7.046066244000832590e-01 1.012073959439983434e-01 -1.298031061325283231e+00 7.337427570106505037e-01 1.893067384904359329e+00 -8.526794255615178786e-01 8.664910433621384467e-01 1.396874732519577167e+00 -1.229207000064507005e+00 -1.265246002755290533e+00 -1.048974848542031379e+00
1.286851150896668461e+00 -3.044240765611397892e-01 1.466920069742658095e+00 8.516274577005650270e-01 -4.360157285022905199e-02 3.300918451677526400e-01 9.942633259015075664e-01 -1.180472457941139641e+00 4.448297356583624795e-01 -6.396415577759104742e-01 1.613070988874002243e+00 -3.467856368207405393e-01 -2.095785969776892410e-01 -1.982342801097715101e+00 -5.788381633393214765e-01 -8.343640115123370782e-01 6.412042517223598415e-01 7.486204342505032860e-01 5.884670152649644770e-01 -1.009645027305875256e-02
-6.442296752184343278e-01 8.230151044853321052e-01 -2.320418394134005358e-01 -6.953394943552908547e-01 6.121799806801941912e-01 -1.250564138664968405e+00 2.049370522228895375e+00 -1.231254684067028204e+00 -3.189956194399001799e-01 -2.780993479191544160e-01 1.202107164674938389e+00 -8.719415777974062198e-01 2.756121970217696726e-02 3.157467075360602671e-01 -1.169861763331817794e+00 3.758008291657027877e-01 1.276183767187002216e+00 4.649089751132839954e-02 1.162702872896115514e+00 2.069534746245654533e-01
1.080534399407445889e+00 1.019303622596972936e+00 -1.830814996843499243e+00 9.858283379207638530e-02 7.588273120089727986e-01 2.951415003746546417e-01 5.445940749628978006e-01 1.636428682135874002e+00 -8.466072249510198100e-01 -8.884608855271556305e-01 5.257795758216838866e-01 4.477390640522824761e-01 -5.174385802097861697e-01 1.074793153329104411e+00 3.879495712310550015e-01 5.710138182907497084e-01 1.104959880011541440e+00 4.766852136117862293e-01 -3.673324564413903426e-01 1.932519780426427691e-01
1.793876581512432455e+00 4.155077577803725219e-01 5.396333399757368143e-01 -5.274151049967530369e-01 4.342242959335130825e-01 2.442651883953556036e-01 1.285768008519170280e-01 2.487943671423787251e+00 1.088487589770802177e+00 5.379871281586137144e-01 4.944719844792191399e-01 -1.854036923947208093e+00 3.913070297619311022e-01 6.581597032498918975e-02 1.099797809138951310e+00 6.831200955579403988e-01 2.780949231186254922e-01 -1.010352321005858922e+00 -4.710914327455078543e-01 -9.777371550578035919e-02
-1.786671073393511500e-01 5.605204431330557124e-01 -1.507344749267306439e-01 -6.164875681015579145e-01 -2.891521485562026372e-01 -7.847300616580166199e-01 -6.412239484310044979e-01 -1.516838705827665001e-01 -1.000742316440562441e+00 1.924288033734357750e+00 1.518539717500384245e-01 1.322280350082767897e-01 -1.781499130822959409e-01 -5.813499909083602590e-01 1.075734756982412943e+00 1.803647808778388595e-01 -1.221395066782204886e+00 2.143571087390634677e-01 3.273617131148145315e-02 -7.757955625439261205e-01
-1.485418860972467447e+00 -5.424764579033934941e-01 3.377180547727077209e-01 -1.513911247742758093e+00 7.726961060200444598e-01 -1.363944509722553544e+00 6.930338585162065801e-01 -1.862169784258683514e+00 1.477180215425437870e+00 7.767967853935118239e-01 -5.393270848824060354e-02 -4.526408135743305583e-01 5.851070249975693915e-01 9.102016196763944578e-01 -1.003899972285754894e+00 1.484906839130364364e+00 4.177317933169694686e-01 -1.347449653443746564e+00 -8.226657971662251212e-01 -1.370602704494307877e+00
-8.768232960584485536e-01 1.282139021517738842e+00 1.277797342456316709e+00 9.432984295131529029e-01 -2.886557119033927310e-01 -1.400481766576126441e+00 5.544303287075078579e-01 1.236125294191091628e+00 6.553663450301669968e-01 -7.692600299503157268e-01 1.120350721618752932e+00 1.988731162018357868e-01 -4.859681692584901236e-01 -9.582791807185769839e-02 -5.615976081408632359e-01 -8.691329028154570757e-01 -6.274961639855674012e-01 1.775730353488204294e+00 -4.802404948363181991e-01 5.323542627330888344e-01
8.390449201539842417e-01 5.412849728875102073e-01 2.362682604220329996e-02 -1.895942322791388968e+00 -4.827586790851450815e-01 -5.462737126888025929e-02 2.300009626571830335e-01 -8.026633244990990512e-01 1.092945656834563295e-01 9.201286979274573286e-01 -7.779703588797388658e-01 -5.111588415531907736e-02 1.088899694964197140e+00 1.813900770381231542e+00 7.612150277714167801e-02 -1.785813190236988257e+00 1.345088005714696056e-01 2.631567777004481523e-01 8.784365028329552127e-02 3.596945849616608459e-01
-1.544278959002956642e+00 6.732500858564773871e-01 -1.405306563413781351e+00 -1.849642620478822094e-02 1.452364543850348244e-01 -5.880417300344755599e-02 -2.244677037061009628e+00 -2.929916089158899339e+00 -4.436490486263973687e-01 1.043709815559042520e+00 -6.001962348956726423e-01 1.001969353705665977e+00 1.632035189748023640e+00 1.104930634172101911e+00 -2.255838700429965371e+00 5.010383172869500301e-01 2.575506828569218976e-01 5.507137531652394058e-01 6.917737253653362395e-03 6.709602412305666619e-02
1.809861347927747000e-01 -1.598010759549398418e+00 2.927532169159821063e-01 -1.137302915702603556e+00 1.738881172641163209e-01 1.146311494477501913e+00 -9.770495648980924708e-01 6.177063735243796261e-01 -1.768094191948144378e-01 2.953947818280718285e-01 2.131447451685254957e-01 1.302008247669812935e+00 -3.982966715186072038e-01 2.030549050099783592e-02 5.930506856075027367e-01 -8.204560451947501276e-01 -3.322678159986362512e-01 1.486109164896546098e+00 5.294479581535396218e-01 -9.467774777108327600e-01
1.652030382987570434e+00 -9.217831338359011584e-01 -1.290245221080658089e+00 6.305473693371398403e-01 9.966472392542106151e-01 1.325567204427163581e+00 -7.470324848652384331e-01 -3.904651366903793552e-01 1.135750154910456944e+00 2.169631477271843689e+00 7.646456538088401700e-02 1.418104945895821423e-01 -1.561301298231059786e-01 -7.902241579933915183e-01 -1.161818814696099489e+00 1.040072586353939288e+00 7.202270753721763397e-01 1.849010777681066919e+00 -1.589908847678682680e+00 -9.400191194245376414e-01
6.170063535828140822e-01 5.214836008129409839e-01 1.501662314086175121e+00 1.311290367580863370e+00 -5.167681015924494581e-01 3.168359400648164126e-01 -1.963331293793044718e+00 2.878388727088241339e+00 7.328489236255688599e-01 9.114076685592318317e-01 1.947559372761632490e+00 -2.595758919503162510e+00 2.096923636977021665e+00 6.669393910501515421e-01 1.965948272256001994e+00 -2.479470641468062286e-02 1.008715547277281854e-01 -2.182678127631243914e+00 3.599689143767865196e-01 -1.339198651392934813e+00
-3.635227147222486188e-01 4.927740065526070024e-01 -1.255025603811175339e+00 1.445608839408157209e+00 -1.766550987029398723e+00 -1.473690173194086128e+00 1.085595561127555397e+00 -1.108265451093731535e+00 -8.296079945032851510e-01 -9.614121978726208884e-01 2.059918901038753081e+00 -1.318245664386511751e-01 3.304713118372678560e-01 -9.358041142585105110e-01 2.235723347668673935e-02 -6.038722758414882819e-02 1.158940666221205840e+00 7.089429228961605656e-01 -1.846044785737171123e+00 1.178334534398309597e+00
4.593996819921526975e-01 -8.412996137478827574e-01 -9.429034745200823298e-02 2.069476990080846068e+00 6.873129980395770167e-01 -7.617397059346192600e-01 6.709955560863096746e-01 9.073609899601952078e-01 8.111891475106826066e-01 -8.333972178595799862e-02 -1.169615398785603499e+00 -1.508759141869501219e+00 4.265731424252831028e-01 -5.276299044599004340e-01 7.186846944716167584e-01 -8.476499696498756425e-03 7.356429479590359533e-01 1.485818944298835653e-01 -1.834219310631919786e+00 -1.101456162263166672e+00
-1.448473426703152378e-01 -1.734546416084595366e+00 3.060800920954382387e-01 -2.237069064717248867e+00 -8.145868667839182287e-01 -1.695711347060047780e+00 4.512371704729009059e-01 -1.906313673981773649e+00 2.109766182957210301e+00 -3.293932552666545832e-01 1.296151832401952197e-01 -1.248239727871429672e+00 1.837556555679261960e-01 3.630219092642364975e-01 -8.154943959996132641e-01 -5.310899717061376979e-01 -7.459461798817793032e-02 -3.008248481940835606e-01 5.288982265767948332e-02 7.280490960412875356e-01
5.228330045716952368e-01 3.688333880182095292e-01 -1.103053557271898466e+00 -7.414574827787525635e-01 3.281809594345734826e-01 1.241826917330482116e+00 -1.871098908343183376e-01 6.604970492812334282e-02 -3.537513024675205398e-02 -4.708259359361736118e-01 3.565340707715932145e-01 -1.438171100696601812e+00 -3.481127745725934308e-01 -2.730200572688165073e-01 1.371501895488575595e+00 -1.084207403595127239e+00 2.936790035568501711e-01 -7.091380353527739766e-01 1.541067017720778143e+00 1.051338877276311937e-02
1.027295424804768098e+00 6.759435864348044554e-01 -1.807565307415757161e-01 -1.413392028336195150e+00 1.439321508250973880e-01 -1.996010683211396075e-01 -1.644220712798307948e+00 7.800573462272145653e-01 -3.213821316521315863e-01 -6.710430325596415946e-01 1.402127533590610264e-01 6.173326803350126513e-01 1.394328635837796648e+00 -1.297161668889430297e+00 9.389076132214302373e-01 1.327903459263489634e-02 4.688924436901552029e-01 4.642011054689398897e-01 7.827866757478960658e-01 2.067315838263392158e-02
-9.841154684608779957e-02 5.693443473810580469e-02 1.523464665939673057e-01 -1.202091771984518775e+00 -2.050401750620306274e+00 8.273974418533375230e-01 -7.360443346916775154e-01 8.939139415990354776e-02 -2.517655865119178493e+00 2.189727174478863780e-01 -1.184404764926383802e+00 1.237524005884781841e+00 2.921466539931425466e-01 7.249537473443650182e-01 -1.055864849029489738e+00 1.031368427608015059e+00 1.895852327348951816e+00 6.085942486259650064e-01 -5.818291411234175481e-01 -3.804882025716235794e-02
3.888347864758536776e-01 3.042764347258981594e-01 1.205196220674924490e+00 -5.749283433947863231e-02 -6.839724683922145942e-01 -1.528522314810343286e-01 -9.575612882353320421e-01 -6.223155338935226766e-01 -1.703896347924952703e+00 4.831962297658777827e-01 -1.697212967698789265e+00 -9.172212670448629535e-01 -6.000914734284817920e-01 8.871023694347099919e-01 -4.522272570489840882e-01 -3.650746112165811907e-01 -5.742068314639419135e-01 6.545430956043851722e-01 1.195099399588027689e-01 6.258127109429454382e-01
-1.498583129001878955e+00 6.287386404495298731e-01 6.487652287770507842e-01 -2.750727077930336661e-01 1.163003481530789918e+00 -8.811392354340653599e-01 1.223287778037167151e+00 4.163711859791491832e-01 -1.315267190352958360e-01 -4.208046312258996724e-01 8.821437961713414211e-01 -5.586624719442682269e-02 5.125883342974294488e-01 -6.385425068018965034e-01 -1.766024238092119836e-01 1.525900069335450970e+00 -2.219057610107111334e+00 -5.526266774507473389e-01 -4.153948353368880908e-01 -6.325031874870868931e-01
