-1.144990754585898107e-01
-1.460730932946746830e+00
-5.187143639474630641e-01
1.721452409311761134e+00
1.430843449443431337e-01
7.275064325433605594e-02
-1.934679488442281325e+00
-5.067446897045145837e-01
-1.187838148421422657e+00
2.124602134382304885e-01
-2.404855155928268484e+00
-2.169107588166955480e+00
-6.285089212621811638e-01
-9.586665938634891804e-02
4.288938168005379525e-01
6.672724426541284393e-01
-6.321621992994989059e-01
-1.493742311067179918e+00
3.920839274787628059e-01
4.857610359392377508e-01
-4.819535039991514891e-01
2.960979386333325025e-01
-3.144682330988317620e-01
1.202464830113648242e+00
1.230244301772666304e+00
1.734576980346626662e+00
1.111832457717186473e-01
-3.353933963648004779e-01
3.865718858835575089e-01
4.507630184571965737e-01
1.613165099019332471e+00
-3.503472401658472846e-01
2.101697477197631336e+00
6.092331931212360274e-01
1.066702138863663496e+00
-6.009309477685343959e-01
3.461961283377994192e-02
-8.672635347789950377e-02
1.408930482487206870e+00
-2.427078042817515102e-01
-2.898606867054953282e-02
2.322930097902696556e+00
-1.061133043694789890e+00
8.400995206739986232e-01
3.621608940631826923e-01
2.828697854193379380e-01
-9.858187723301222727e-01
1.193194302149764852e+00
-1.316455122257085719e+00
4.262379482304622935e-01
1.383609074426994434e+00
-1.536898914148529194e+00
-6.789754999757975640e-02
6.414590137937571379e-01
-7.158024530333122470e-01
-4.725262870871431153e-01
-4.271015908154043306e-01
-2.971494116004170238e-01
-9.841163731164987993e-01
1.143453246291181502e+00
-8.310448326087515047e-01
1.923713659317839164e-01
-1.627618902488063624e+00
-1.993660512598662837e+00
1.027473746472133076e+00
1.197717898015594251e+00
7.764539464981332073e-02
-8.844273156100607158e-02
4.250910160012780215e-02
-7.290310933847538033e-01
6.141586496859161581e-01
2.477217124145755511e-01
-8.658191358178369823e-01
8.350592910879969799e-02
6.255459210213397681e-01
9.027105871881926369e-01
-1.434536147582124332e+00
1.768602687182438737e+00
9.769944895290623432e-02
-4.460138715584133218e-02
